ACGT
[0, 3, 4, 3, 4, 2, 4, 1, 4, 4, 2, 4, 2, 4, 2, 3, 4, 2, 4, 2, 4, 2, 4, 3, 3, 3]
CGTT
[3, 0, 3, 4, 3, 3, 2, 3, 2, 4, 4, 2, 3, 2, 4, 2, 3, 4, 3, 3, 2, 4, 3, 4, 3, 4]
GTTG
[4, 3, 0, 3, 4, 3, 2, 3, 3, 1, 4, 4, 3, 2, 3, 4, 1, 3, 4, 3, 2, 3, 3, 3, 3, 3]
TTGC
[3, 4, 3, 0, 3, 4, 4, 2, 2, 3, 1, 4, 4, 4, 2, 3, 4, 1, 3, 4, 4, 2, 3, 3, 4, 2]
TGCA
[4, 3, 4, 3, 0, 4, 4, 4, 2, 3, 3, 1, 4, 4, 3, 2, 4, 4, 0, 4, 4, 3, 2, 3, 3, 4]
GCAT
[2, 3, 3, 4, 4, 0, 4, 3, 4, 3, 3, 4, 0, 4, 4, 2, 3, 4, 4, 0, 4, 4, 3, 3, 3, 3]
CATG
[4, 2, 2, 4, 4, 4, 0, 4, 3, 3, 4, 3, 4, 0, 4, 4, 1, 4, 4, 4, 0, 4, 3, 3, 3, 3]
ATGT
[1, 3, 3, 2, 4, 3, 4, 0, 4, 3, 3, 4, 3, 4, 1, 3, 4, 1, 4, 3, 4, 1, 4, 3, 3, 3]
TGTC
[4, 2, 3, 2, 2, 4, 3, 4, 0, 4, 2, 3, 4, 3, 4, 2, 3, 3, 2, 4, 3, 4, 2, 4, 3, 3]
GTCG
[4, 4, 1, 3, 3, 3, 3, 3, 4, 0, 4, 3, 3, 3, 3, 4, 2, 3, 3, 3, 3, 3, 3, 3, 3, 3]
TCGC
[2, 4, 4, 1, 3, 3, 4, 3, 2, 4, 0, 4, 3, 4, 3, 3, 4, 2, 3, 3, 4, 3, 3, 3, 4, 2]
CGCA
[4, 2, 4, 4, 1, 4, 3, 4, 3, 3, 4, 0, 4, 3, 3, 3, 4, 4, 1, 4, 3, 3, 3, 3, 3, 4]
GCAT
[2, 3, 3, 4, 4, 0, 4, 3, 4, 3, 3, 4, 0, 4, 4, 2, 3, 4, 4, 0, 4, 4, 3, 3, 3, 3]
CATG
[4, 2, 2, 4, 4, 4, 0, 4, 3, 3, 4, 3, 4, 0, 4, 4, 1, 4, 4, 4, 0, 4, 3, 3, 3, 3]
ATGA
[2, 4, 3, 2, 3, 4, 4, 1, 4, 3, 3, 3, 4, 4, 0, 4, 4, 1, 3, 4, 4, 0, 4, 2, 3, 3]
TGAT
[3, 2, 4, 3, 2, 2, 4, 3, 2, 4, 3, 3, 2, 4, 4, 0, 4, 4, 2, 2, 4, 4, 1, 4, 2, 4]
GATG
[4, 3, 1, 4, 4, 3, 1, 4, 3, 2, 4, 4, 3, 1, 4, 4, 0, 4, 4, 3, 1, 4, 3, 2, 3, 2]
ATGC
[2, 4, 3, 1, 4, 4, 4, 1, 3, 3, 2, 4, 4, 4, 1, 4, 4, 0, 4, 4, 4, 1, 4, 3, 3, 2]
TGCA
[4, 3, 4, 3, 0, 4, 4, 4, 2, 3, 3, 1, 4, 4, 3, 2, 4, 4, 0, 4, 4, 3, 2, 3, 3, 4]
GCAT
[2, 3, 3, 4, 4, 0, 4, 3, 4, 3, 3, 4, 0, 4, 4, 2, 3, 4, 4, 0, 4, 4, 3, 3, 3, 3]
CATG
[4, 2, 2, 4, 4, 4, 0, 4, 3, 3, 4, 3, 4, 0, 4, 4, 1, 4, 4, 4, 0, 4, 3, 3, 3, 3]
ATGA
[2, 4, 3, 2, 3, 4, 4, 1, 4, 3, 3, 3, 4, 4, 0, 4, 4, 1, 3, 4, 4, 0, 4, 2, 3, 3]
TGAG
[4, 3, 3, 3, 2, 3, 3, 4, 2, 3, 3, 3, 3, 3, 4, 1, 3, 4, 2, 3, 3, 4, 0, 4, 1, 4]
GAGA
[3, 4, 3, 3, 3, 3, 3, 3, 4, 3, 3, 3, 3, 3, 2, 4, 2, 3, 3, 3, 3, 2, 4, 0, 4, 1]
AGAG
[3, 3, 3, 4, 3, 3, 3, 3, 3, 3, 4, 3, 3, 3, 3, 2, 3, 3, 3, 3, 3, 3, 1, 4, 0, 4]
GAGC
[3, 4, 3, 2, 4, 3, 3, 3, 3, 3, 2, 4, 3, 3, 3, 4, 2, 2, 4, 3, 3, 3, 4, 1, 4, 0]
