(0, [244, 3, 333, 6])
(1, [0, 2715])
(2, [1, 13])
(3, [12, 196, 2, 225, 24])
(4, [0, 29])
(5, [107, 2325, 4, 47, 52, 8])
(6, [5])
(7, [5])
(8, [74, 9])
(9, [17, 7])
(10, [2805, 3])
(11, [10, 32, 662])
(12, [11, 113, 859])
(13, [14])
(14, [110, 15, 2065, 2211, 40])
(15, [2, 832])
(16, [137, 241, 26, 9])
(17, [18, 86, 921])
(18, [16, 19, 267, 50, 527, 61, 99])
(19, [105, 1285, 21, 39, 92])
(20, [1153, 18, 56])
(21, [1745, 20])
(22, [192, 23, 922])
(23, [3, 423])
(24, [22, 260])
(25, [16])
(26, [27])
(27, [128, 1779, 25, 375])
(28, [4, 82])
(29, [30, 34, 481])
(30, [28, 282])
(31, [33, 58])
(32, [31])
(33, [11])
(34, [35, 452])
(35, [1181, 1335, 36])
(36, [1294, 29])
(37, [1284, 1447, 1678, 19])
(38, [1116, 1519, 2023, 301, 37, 44, 88, 96])
(39, [2482, 38])
(40, [41])
(41, [42])
(42, [14])
(43, [1394, 45])
(44, [2615, 43])
(45, [38])
(46, [2720, 48])
(47, [169, 177, 46])
(48, [1435, 5, 722])
(49, [18])
(50, [51])
(51, [49, 503])
(52, [54, 637])
(53, [5])
(54, [53, 64])
(55, [102, 385, 57, 77, 79])
(56, [55])
(57, [20, 2084])
(58, [60, 68])
(59, [131, 31])
(60, [120, 59, 817])
(61, [1246, 62])
(62, [133, 63])
(63, [18, 772])
(64, [163, 65])
(65, [370, 66, 893, 939])
(66, [54, 879])
(67, [58])
(68, [69, 72, 875])
(69, [67])
(70, [71])
(71, [328, 426, 68])
(72, [70])
(73, [161, 75])
(74, [73])
(75, [8])
(76, [55])
(77, [270, 685, 78, 950])
(78, [1617, 76])
(79, [80])
(80, [2173, 2581, 764, 81])
(81, [55])
(82, [152, 84, 858])
(83, [1169, 1815, 28, 756])
(84, [83])
(85, [1310, 87])
(86, [285, 85])
(87, [17, 1776, 257])
(88, [1301, 155, 159, 90])
(89, [214, 38])
(90, [174, 89])
(91, [288, 449, 93])
(92, [140, 239, 91])
(93, [19, 229])
(94, [95])
(95, [1847, 194, 38, 555])
(96, [125, 94])
(97, [117, 123, 18, 606])
(98, [97])
(99, [1715, 98])
(100, [55])
(101, [100, 312])
(102, [101, 146, 807])
(103, [104, 1503, 413])
(104, [19, 353])
(105, [103])
(106, [108, 278])
(107, [106])
(108, [166, 407, 5])
(109, [111, 199, 947])
(110, [109, 2059, 263])
(111, [14, 142])
(112, [12, 1747, 442, 634, 640])
(113, [114, 2640])
(114, [112, 524])
(115, [116, 2147, 336])
(116, [1934, 254, 358, 97])
(117, [115, 2886])
(118, [1042, 1106, 119, 1234, 2741, 746])
(119, [60])
(120, [118])
(121, [122, 179, 2029])
(122, [97])
(123, [121, 2050, 696])
(124, [1061, 96])
(125, [1148, 126, 1362, 2625])
(126, [124, 206, 2577])
(127, [129])
(128, [127])
(129, [27])
(130, [1009, 149, 59])
(131, [132, 377, 693, 940])
(132, [130])
(133, [135, 228, 297, 430])
(134, [349, 62])
(135, [134])
(136, [16, 185, 379])
(137, [138])
(138, [136, 1619])
(139, [92])
(140, [141])
(141, [139, 364])
(142, [143, 202, 463, 566])
(143, [144, 1772, 299])
(144, [111, 210, 251])
(145, [147, 211, 854])
(146, [145, 2551, 274, 507])
(147, [102])
(148, [130])
(149, [1069, 150, 418])
(150, [148])
(151, [153])
(152, [151, 657])
(153, [1374, 2190, 82])
(154, [156])
(155, [154])
(156, [1708, 88])
(157, [158, 561])
(158, [88])
(159, [157, 2195, 2414, 435, 926])
(160, [1640, 73])
(161, [1261, 162, 551])
(162, [1412, 160, 1943])
(163, [164])
(164, [165, 439])
(165, [515, 64])
(166, [1529, 167])
(167, [168])
(168, [108, 183, 831])
(169, [171, 188, 457])
(170, [391, 47])
(171, [1068, 170])
(172, [1094, 2219, 222, 90])
(173, [172, 234, 471])
(174, [173, 1782, 2524])
(175, [176])
(176, [47, 740])
(177, [175])
(178, [180, 2925, 761])
(179, [178, 314])
(180, [121])
(181, [1649, 168, 895])
(182, [1439, 181])
(183, [182])
(184, [186])
(185, [184])
(186, [136])
(187, [169])
(188, [189, 864])
(189, [187, 743, 811])
(190, [22, 593])
(191, [190])
(192, [191])
(193, [1567, 1809, 195, 2008, 219, 781])
(194, [193, 390, 529])
(195, [95])
(196, [198])
(197, [3])
(198, [197])
(199, [200])
(200, [201])
(201, [109, 1998, 599])
(202, [204])
(203, [142, 1738, 383])
(204, [203, 2787, 659])
(205, [126])
(206, [1507, 207, 716])
(207, [205])
(208, [209])
(209, [144, 699])
(210, [208])
(211, [212, 2504, 667])
(212, [213, 289])
(213, [145])
(214, [2018, 215])
(215, [216, 247])
(216, [89])
(217, [218, 309])
(218, [193, 809])
(219, [1254, 217, 236, 620])
(220, [221, 513])
(221, [172])
(222, [220])
(223, [3])
(224, [223, 899])
(225, [224])
(226, [133, 2999])
(227, [1699, 226])
(228, [227])
(229, [231])
(230, [93])
(231, [230])
(232, [233, 2755, 415])
(233, [173])
(234, [232])
(235, [219, 974])
(236, [237, 882])
(237, [235, 271, 500, 542])
(238, [240])
(239, [238])
(240, [92])
(241, [242])
(242, [243, 306])
(243, [16, 491, 726])
(244, [1189, 245])
(245, [246])
(246, [0, 1517])
(247, [249, 292])
(248, [215])
(249, [1888, 248, 2610])
(250, [144])
(251, [1038, 1197, 252])
(252, [1224, 250, 322, 590])
(253, [116])
(254, [255])
(255, [253])
(256, [87])
(257, [258])
(258, [256, 2948])
(259, [261])
(260, [259, 397])
(261, [24, 467, 558])
(262, [264])
(263, [262])
(264, [110])
(265, [266])
(266, [18])
(267, [265, 710])
(268, [77, 910])
(269, [268, 317, 338])
(270, [2042, 269])
(271, [2397, 273])
(272, [1605, 1977, 237, 839])
(273, [272])
(274, [275])
(275, [276])
(276, [146, 2282])
(277, [279, 363])
(278, [1279, 1900, 277, 572])
(279, [106])
(280, [30])
(281, [280, 775])
(282, [281, 342, 474])
(283, [86])
(284, [1404, 283])
(285, [1577, 2586, 284, 570, 684, 824])
(286, [91])
(287, [286])
(288, [287])
(289, [290])
(290, [1514, 291])
(291, [212])
(292, [1985, 294])
(293, [247])
(294, [293])
(295, [296, 345])
(296, [133, 395])
(297, [295])
(298, [143])
(299, [300])
(300, [298])
(301, [303])
(302, [38])
(303, [302, 967])
(304, [305])
(305, [1838, 242, 623, 690])
(306, [304, 346, 454])
(307, [2595, 308])
(308, [1357, 217])
(309, [307])
(310, [311])
(311, [101, 960])
(312, [310, 319, 537])
(313, [179, 325, 429])
(314, [315])
(315, [313, 462])
(316, [318])
(317, [1659, 316])
(318, [269])
(319, [1102, 320])
(320, [321])
(321, [1001, 312, 788])
(322, [2675, 323])
(323, [324])
(324, [1928, 252, 888])
(325, [326, 870])
(326, [327])
(327, [313])
(328, [329])
(329, [330])
(330, [1496, 355, 71])
(331, [0])
(332, [331])
(333, [332])
(334, [115, 518])
(335, [334])
(336, [1028, 335])
(337, [269])
(338, [2004, 339])
(339, [337])
(340, [1480, 282])
(341, [2811, 340])
(342, [1380, 341, 617])
(343, [344, 367, 795])
(344, [295, 401, 798])
(345, [343])
(346, [1298, 348])
(347, [2099, 306])
(348, [2232, 347, 610])
(349, [1352, 1880, 350, 577])
(350, [351])
(351, [134, 478, 489])
(352, [2092, 354])
(353, [2628, 352, 411])
(354, [104, 651])
(355, [357])
(356, [1160, 330, 436])
(357, [1557, 356])
(358, [2657, 359])
(359, [1692, 360])
(360, [116, 992])
(361, [1785, 277])
(362, [1073, 361, 403])
(363, [362])
(364, [366])
(365, [141])
(366, [365])
(367, [369])
(368, [343, 664])
(369, [1460, 368])
(370, [372, 990])
(371, [65])
(372, [1327, 2375, 371])
(373, [2726, 374])
(374, [27])
(375, [373, 497, 786])
(376, [378])
(377, [376, 766])
(378, [131, 2655])
(379, [380])
(380, [2840, 381, 544])
(381, [136])
(382, [384])
(383, [382])
(384, [203])
(385, [386])
(386, [387])
(387, [55])
(388, [194])
(389, [388])
(390, [389])
(391, [1946, 2696, 393])
(392, [170])
(393, [392])
(394, [396])
(395, [1118, 394])
(396, [296])
(397, [2882, 398, 914])
(398, [399])
(399, [260, 486])
(400, [344, 585])
(401, [402])
(402, [1867, 2903, 400, 978])
(403, [1392, 404])
(404, [405])
(405, [362])
(406, [408])
(407, [406, 906])
(408, [108, 1706])
(409, [1894, 353])
(410, [409, 737])
(411, [410])
(412, [414, 575])
(413, [2242, 412])
(414, [103, 533, 728])
(415, [1251, 417, 614])
(416, [232, 2327])
(417, [416])
(418, [2592, 420])
(419, [149])
(420, [419, 632, 778])
(421, [23])
(422, [421])
(423, [422, 769])
(424, [1850, 2518, 71])
(425, [424])
(426, [425])
(427, [1318, 1625, 428])
(428, [313])
(429, [427])
(430, [432])
(431, [133, 475])
(432, [2753, 431, 865])
(433, [159])
(434, [433, 493])
(435, [434])
(436, [438])
(437, [356, 714])
(438, [1063, 1573, 437, 446])
(439, [440])
(440, [441])
(441, [164])
(442, [444, 822])
(443, [112, 2329, 2381])
(444, [443, 706])
(445, [438])
(446, [447])
(447, [2335, 445])
(448, [2333, 2648, 91])
(449, [450])
(450, [448])
(451, [453, 679])
(452, [451])
(453, [34])
(454, [1171, 455])
(455, [2437, 456])
(456, [1075, 306])
(457, [458])
(458, [1020, 459, 972])
(459, [169])
(460, [461])
(461, [315])
(462, [460])
(463, [464])
(464, [465])
(465, [142, 1570])
(466, [468])
(467, [1445, 1539, 466, 815])
(468, [1789, 261, 520])
(469, [173, 929])
(470, [469, 718])
(471, [1696, 470])
(472, [282])
(473, [472])
(474, [473])
(475, [477])
(476, [1399, 431])
(477, [1324, 2314, 476, 548, 847])
(478, [480])
(479, [351])
(480, [479])
(481, [2516, 482])
(482, [483, 596, 626])
(483, [29, 509])
(484, [399])
(485, [2635, 484, 603])
(486, [485])
(487, [488])
(488, [351])
(489, [487])
(490, [1162, 1952, 243])
(491, [1753, 1954, 492])
(492, [490, 672])
(493, [2034, 494, 851])
(494, [495, 908])
(495, [434])
(496, [498])
(497, [496])
(498, [375])
(499, [501])
(500, [499])
(501, [1231, 237])
(502, [2360, 504])
(503, [502, 653])
(504, [51])
(505, [506])
(506, [1152, 146, 2150, 2631])
(507, [1965, 505])
(508, [1550, 510, 628])
(509, [1983, 508])
(510, [483])
(511, [220])
(512, [511])
(513, [512])
(514, [516])
(515, [2618, 514])
(516, [165])
(517, [334])
(518, [2832, 519])
(519, [2069, 517])
(520, [1091, 2081, 521])
(521, [2045, 522])
(522, [468])
(523, [114])
(524, [525, 540])
(525, [523])
(526, [18])
(527, [528])
(528, [526])
(529, [1034, 530, 609])
(530, [1013, 531])
(531, [194])
(532, [414, 934])
(533, [534])
(534, [1269, 1492, 532, 752, 889])
(535, [536])
(536, [312])
(537, [535])
(538, [539])
(539, [524, 562])
(540, [538])
(541, [2343, 237])
(542, [543])
(543, [541])
(544, [1666, 546])
(545, [380])
(546, [1158, 545])
(547, [477])
(548, [549])
(549, [547])
(550, [161])
(551, [2497, 552])
(552, [550])
(553, [1023, 554])
(554, [95])
(555, [1238, 1795, 553])
(556, [2450, 261])
(557, [1434, 2056, 556])
(558, [1527, 557])
(559, [560])
(560, [157, 1664])
(561, [559])
(562, [563])
(563, [564])
(564, [1686, 539, 674])
(565, [142, 581])
(566, [567])
(567, [1674, 565])
(568, [569])
(569, [285])
(570, [568])
(571, [278])
(572, [2155, 2932, 573])
(573, [571])
(574, [412])
(575, [1636, 576])
(576, [2698, 574])
(577, [2347, 578])
(578, [1544, 2759, 579])
(579, [349])
(580, [565, 586, 643])
(581, [582])
(582, [2261, 2621, 580])
(583, [1264, 584, 903])
(584, [400])
(585, [1047, 583])
(586, [588])
(587, [580])
(588, [587, 916])
(589, [252])
(590, [591])
(591, [1491, 589])
(592, [190])
(593, [594])
(594, [592])
(595, [597])
(596, [595, 750])
(597, [482])
(598, [201])
(599, [600])
(600, [598])
(601, [485])
(602, [2223, 2362, 601])
(603, [1166, 1825, 602])
(604, [2670, 97])
(605, [604, 837])
(606, [605])
(607, [608])
(608, [529])
(609, [607, 986])
(610, [611, 826])
(611, [612])
(612, [348])
(613, [615])
(614, [613])
(615, [1467, 415])
(616, [618])
(617, [616])
(618, [342])
(619, [621])
(620, [619])
(621, [219, 2417])
(622, [624])
(623, [622])
(624, [305])
(625, [627])
(626, [625])
(627, [482])
(628, [629, 677])
(629, [1562, 630])
(630, [508, 802])
(631, [420])
(632, [633])
(633, [631])
(634, [2853, 635])
(635, [1751, 636])
(636, [112, 932])
(637, [2878, 638])
(638, [639])
(639, [52])
(640, [642])
(641, [112, 647])
(642, [2905, 641])
(643, [1138, 645])
(644, [580, 700])
(645, [644])
(646, [641])
(647, [1629, 648])
(648, [646])
(649, [1050, 1240, 650])
(650, [2235, 354, 841, 955])
(651, [1770, 2485, 649])
(652, [503])
(653, [654])
(654, [652])
(655, [152])
(656, [655])
(657, [656])
(658, [1794, 204])
(659, [2119, 660, 730])
(660, [658])
(661, [663, 733])
(662, [661])
(663, [11, 1767])
(664, [1370, 665])
(665, [666])
(666, [368])
(667, [669])
(668, [1662, 211])
(669, [668])
(670, [492])
(671, [670])
(672, [671])
(673, [1259, 2102, 564])
(674, [675])
(675, [673])
(676, [1129, 678])
(677, [676])
(678, [628])
(679, [681])
(680, [2138, 2480, 451])
(681, [1225, 680, 800])
(682, [285])
(683, [682])
(684, [683])
(685, [687])
(686, [77])
(687, [686])
(688, [305])
(689, [688])
(690, [689])
(691, [131, 2036])
(692, [1015, 691])
(693, [692])
(694, [2634, 695])
(695, [123])
(696, [694, 705])
(697, [209])
(698, [697])
(699, [698])
(700, [1477, 702])
(701, [644])
(702, [701])
(703, [2650, 704])
(704, [696])
(705, [1198, 703])
(706, [707])
(707, [708])
(708, [1257, 444])
(709, [1125, 1192, 711])
(710, [709])
(711, [1590, 267])
(712, [437])
(713, [712])
(714, [713])
(715, [717])
(716, [715])
(717, [206])
(718, [1885, 719])
(719, [720])
(720, [470, 758])
(721, [723])
(722, [721])
(723, [1040, 1111, 1340, 48])
(724, [725])
(725, [1089, 243])
(726, [2062, 724])
(727, [2735, 414])
(728, [1610, 729])
(729, [727])
(730, [1025, 1532, 731])
(731, [732])
(732, [659])
(733, [735])
(734, [2942, 661])
(735, [1596, 734])
(736, [738])
(737, [736])
(738, [2274, 410])
(739, [1355, 741])
(740, [739])
(741, [176, 1971])
(742, [1212, 1468, 1623, 189, 2536])
(743, [2987, 744])
(744, [742])
(745, [1188, 747, 998])
(746, [745])
(747, [118])
(748, [749])
(749, [596])
(750, [748])
(751, [753])
(752, [2289, 751])
(753, [534])
(754, [83])
(755, [2939, 754])
(756, [755])
(757, [759])
(758, [1999, 757])
(759, [720])
(760, [178])
(761, [762])
(762, [760])
(763, [1338, 80])
(764, [765])
(765, [763])
(766, [767])
(767, [2021, 768])
(768, [377])
(769, [1100, 770])
(770, [771])
(771, [423])
(772, [774, 790])
(773, [63])
(774, [1313, 773, 980])
(775, [776])
(776, [1476, 777])
(777, [1347, 281])
(778, [780])
(779, [420])
(780, [779])
(781, [783])
(782, [1363, 193, 1962])
(783, [782])
(784, [1203, 1922, 375, 844])
(785, [2267, 784])
(786, [1097, 1349, 785])
(787, [321])
(788, [1209, 789])
(789, [787])
(790, [791])
(791, [1317, 792])
(792, [1176, 772])
(793, [343])
(794, [1898, 793])
(795, [1243, 794])
(796, [797])
(797, [344])
(798, [796])
(799, [681])
(800, [801])
(801, [799])
(802, [1206, 803])
(803, [1652, 804])
(804, [1377, 630])
(805, [806])
(806, [102])
(807, [1184, 1450, 1841, 805])
(808, [218, 872])
(809, [810, 952])
(810, [808])
(811, [2873, 813])
(812, [189])
(813, [812])
(814, [816, 984])
(815, [814])
(816, [467])
(817, [1084, 818])
(818, [819])
(819, [60])
(820, [442, 964])
(821, [2871, 820])
(822, [821])
(823, [285])
(824, [825])
(825, [823])
(826, [828])
(827, [2982, 610])
(828, [827])
(829, [168])
(830, [1384, 829])
(831, [830, 944])
(832, [834])
(833, [15])
(834, [1819, 2240, 833])
(835, [605])
(836, [1146, 835, 996])
(837, [1427, 836])
(838, [840])
(839, [838])
(840, [272, 2794])
(841, [843])
(842, [1059, 1405, 2097, 650])
(843, [842])
(844, [846])
(845, [1553, 784])
(846, [845])
(847, [849])
(848, [1472, 1600, 477])
(849, [848])
(850, [852])
(851, [850])
(852, [493])
(853, [145])
(854, [855])
(855, [853])
(856, [82])
(857, [856])
(858, [1488, 2890, 857])
(859, [1877, 861])
(860, [1143, 12])
(861, [860])
(862, [188, 963])
(863, [862])
(864, [863])
(865, [1937, 866])
(866, [867])
(867, [432])
(868, [869])
(869, [325])
(870, [1418, 868])
(871, [873, 884])
(872, [871])
(873, [808])
(874, [68])
(875, [1511, 876])
(876, [1272, 874])
(877, [878])
(878, [66])
(879, [2213, 877])
(880, [881])
(881, [236])
(882, [1968, 880])
(883, [871])
(884, [885])
(885, [883])
(886, [324])
(887, [1080, 886])
(888, [1005, 2311, 887])
(889, [1535, 2837, 891])
(890, [1787, 534])
(891, [890])
(892, [65])
(893, [894])
(894, [892])
(895, [896])
(896, [2039, 897])
(897, [181])
(898, [900])
(899, [898])
(900, [224])
(901, [902])
(902, [583])
(903, [901])
(904, [1221, 2875, 407])
(905, [904])
(906, [2548, 905])
(907, [494])
(908, [909])
(909, [907])
(910, [912])
(911, [268])
(912, [911])
(913, [915])
(914, [913])
(915, [1930, 397])
(916, [2493, 917])
(917, [918])
(918, [588])
(919, [920])
(920, [1381, 17])
(921, [919])
(922, [923])
(923, [924])
(924, [22])
(925, [927])
(926, [1216, 925])
(927, [159])
(928, [469])
(929, [930])
(930, [928])
(931, [933])
(932, [931])
(933, [636])
(934, [2817, 935])
(935, [936])
(936, [532])
(937, [65])
(938, [937])
(939, [938])
(940, [942])
(941, [131])
(942, [2389, 941])
(943, [831])
(944, [1291, 945])
(945, [1081, 943])
(946, [1007, 2367, 948])
(947, [946])
(948, [1053, 109])
(949, [77])
(950, [951])
(951, [949])
(952, [953])
(953, [954])
(954, [1414, 809])
(955, [957])
(956, [1443, 650])
(957, [1904, 956])
(958, [959])
(959, [311])
(960, [958])
(961, [962])
(962, [2471, 862])
(963, [1397, 961])
(964, [966])
(965, [1367, 820])
(966, [1504, 2301, 965])
(967, [969])
(968, [303])
(969, [1121, 968])
(970, [971])
(971, [1607, 458])
(972, [970])
(973, [975])
(974, [973])
(975, [235])
(976, [402])
(977, [976])
(978, [1056, 977])
(979, [774])
(980, [981])
(981, [979])
(982, [2671, 983])
(983, [814])
(984, [982])
(985, [987])
(986, [985])
(987, [1109, 609])
(988, [370])
(989, [988])
(990, [989])
(991, [993])
(992, [991])
(993, [360])
(994, [836])
(995, [1031, 994])
(996, [995])
(997, [1874, 745])
(998, [2153, 999])
(999, [997])
(1000, [321])
(1001, [1002, 1137, 2383])
(1002, [1000, 1727])
(1003, [888])
(1004, [1003])
(1005, [1004])
(1006, [946])
(1007, [1008])
(1008, [1006])
(1009, [1010, 2310])
(1010, [1011])
(1011, [130, 1732])
(1012, [1014])
(1013, [1012])
(1014, [530])
(1015, [1016, 1132, 2641])
(1016, [1017])
(1017, [692])
(1018, [1019])
(1019, [458])
(1020, [1018, 2709])
(1021, [1022])
(1022, [553])
(1023, [1021, 2969])
(1024, [1026])
(1025, [1024])
(1026, [730])
(1027, [336])
(1028, [1029])
(1029, [1027])
(1030, [995])
(1031, [1032])
(1032, [1030])
(1033, [529])
(1034, [1035])
(1035, [1033])
(1036, [1037, 1499])
(1037, [251])
(1038, [1036, 2913])
(1039, [1041])
(1040, [1039])
(1041, [1343, 723])
(1042, [1044])
(1043, [118])
(1044, [1043])
(1045, [585])
(1046, [1045])
(1047, [1046])
(1048, [1049, 1540, 1724])
(1049, [649])
(1050, [1048, 1832])
(1051, [948])
(1052, [1051, 1303])
(1053, [1052])
(1054, [978])
(1055, [1054, 1430])
(1056, [1055])
(1057, [842])
(1058, [1057])
(1059, [1058])
(1060, [124])
(1061, [1062])
(1062, [1060, 1736, 2404])
(1063, [1065, 1408])
(1064, [438])
(1065, [1064])
(1066, [1421, 171])
(1067, [1066, 2826])
(1068, [1067])
(1069, [1070])
(1070, [1071])
(1071, [149])
(1072, [2356, 362])
(1073, [1074])
(1074, [1072])
(1075, [1077, 2271])
(1076, [456])
(1077, [1076])
(1078, [1802, 887])
(1079, [1078, 1177, 1592])
(1080, [1079])
(1081, [1082])
(1082, [1083])
(1083, [1760, 945])
(1084, [1086])
(1085, [817])
(1086, [1085, 2423])
(1087, [1088])
(1088, [725])
(1089, [1087, 1126])
(1090, [2502, 520])
(1091, [1092])
(1092, [1090, 2166])
(1093, [1095])
(1094, [1093])
(1095, [172])
(1096, [1098])
(1097, [1096])
(1098, [786])
(1099, [1101])
(1100, [1099, 2161])
(1101, [769])
(1102, [1103])
(1103, [1104])
(1104, [319])
(1105, [118])
(1106, [1107])
(1107, [1105])
(1108, [1110])
(1109, [1108, 1957])
(1110, [987])
(1111, [1113, 2956])
(1112, [2370, 723])
(1113, [1112])
(1114, [38])
(1115, [1114])
(1116, [1115, 1275])
(1117, [395])
(1118, [1119, 1462])
(1119, [1117])
(1120, [1122])
(1121, [1120])
(1122, [969])
(1123, [1702, 709])
(1124, [1123])
(1125, [1124])
(1126, [1127, 1676])
(1127, [1128])
(1128, [1089])
(1129, [1131, 2226])
(1130, [676])
(1131, [1130])
(1132, [1133])
(1133, [1134])
(1134, [1015])
(1135, [1001])
(1136, [1135])
(1137, [1136])
(1138, [1140])
(1139, [643])
(1140, [1139])
(1141, [1142, 2171])
(1142, [2767, 860])
(1143, [1141])
(1144, [836])
(1145, [1144])
(1146, [1145])
(1147, [125])
(1148, [1149])
(1149, [1147, 1912])
(1150, [506])
(1151, [1150])
(1152, [1151])
(1153, [1154])
(1154, [1155])
(1155, [20, 2663])
(1156, [546])
(1157, [1156])
(1158, [1157])
(1159, [1161])
(1160, [1159])
(1161, [356])
(1162, [1163])
(1163, [1164])
(1164, [1307, 490])
(1165, [1167, 1834, 2012])
(1166, [1165])
(1167, [603])
(1168, [83])
(1169, [1170, 2764])
(1170, [1168, 1288])
(1171, [1173, 2401])
(1172, [454])
(1173, [1172, 2388])
(1174, [1175])
(1175, [792])
(1176, [1174])
(1177, [1179])
(1178, [1079])
(1179, [1178])
(1180, [1182, 1559])
(1181, [1180, 2554])
(1182, [35])
(1183, [1185, 1872])
(1184, [1183, 1228])
(1185, [1453, 807])
(1186, [745])
(1187, [1186])
(1188, [1187])
(1189, [1190])
(1190, [1191])
(1191, [244])
(1192, [1194])
(1193, [1214, 1743, 2475, 709])
(1194, [1193])
(1195, [1196, 2681])
(1196, [251])
(1197, [1195, 2566])
(1198, [1200])
(1199, [705])
(1200, [1199])
(1201, [1202])
(1202, [784])
(1203, [1201])
(1204, [1205])
(1205, [802])
(1206, [1204])
(1207, [1208, 1321])
(1208, [788])
(1209, [1207, 2179])
(1210, [1211, 1423])
(1211, [1757, 742])
(1212, [1210])
(1213, [1215, 1566])
(1214, [1213])
(1215, [1193])
(1216, [1217])
(1217, [1218])
(1218, [2901, 926])
(1219, [1220])
(1220, [904])
(1221, [1219])
(1222, [1223])
(1223, [1891, 252])
(1224, [1222])
(1225, [1226])
(1226, [1227, 1389])
(1227, [1522, 2169, 681])
(1228, [1230])
(1229, [1184])
(1230, [1229])
(1231, [1232, 1613])
(1232, [1233])
(1233, [501])
(1234, [1235])
(1235, [1236, 2864])
(1236, [118])
(1237, [555])
(1238, [1239])
(1239, [1237])
(1240, [1241])
(1241, [1242, 2246])
(1242, [649])
(1243, [1244, 2454])
(1244, [1245])
(1245, [795])
(1246, [1248])
(1247, [1458, 61])
(1248, [1247])
(1249, [1250])
(1250, [415])
(1251, [1249])
(1252, [219])
(1253, [1252, 1277])
(1254, [1253])
(1255, [708])
(1256, [1255])
(1257, [1256])
(1258, [1260, 2856])
(1259, [1258])
(1260, [1548, 673])
(1261, [1262])
(1262, [1263])
(1263, [161, 2931])
(1264, [1266])
(1265, [2823, 583])
(1266, [1265])
(1267, [1268, 2197])
(1268, [534])
(1269, [1267])
(1270, [1271])
(1271, [1854, 876])
(1272, [1270])
(1273, [1116, 2995])
(1274, [1273])
(1275, [1274])
(1276, [1278])
(1277, [1276, 2718])
(1278, [1253])
(1279, [1281])
(1280, [278])
(1281, [1280, 1810])
(1282, [37])
(1283, [1282, 1717])
(1284, [1283, 1950])
(1285, [1287])
(1286, [19])
(1287, [1286, 1762, 2248])
(1288, [1289])
(1289, [1290])
(1290, [1170])
(1291, [1293])
(1292, [944])
(1293, [1292, 1583, 2379, 2729])
(1294, [1295])
(1295, [1296, 2128])
(1296, [36])
(1297, [1299])
(1298, [1297, 2427])
(1299, [346])
(1300, [1302])
(1301, [1300])
(1302, [2322, 88])
(1303, [1304])
(1304, [1305])
(1305, [1052])
(1306, [1308])
(1307, [1306])
(1308, [1164, 1330])
(1309, [85])
(1310, [1311])
(1311, [1309])
(1312, [774])
(1313, [1314])
(1314, [1312])
(1315, [791])
(1316, [1315, 2117])
(1317, [1316])
(1318, [1320])
(1319, [427])
(1320, [1319])
(1321, [1323])
(1322, [1207])
(1323, [1322])
(1324, [1325, 2433])
(1325, [1326])
(1326, [477])
(1327, [1329])
(1328, [372])
(1329, [1328])
(1330, [1331])
(1331, [1332])
(1332, [1308, 1669])
(1333, [1334])
(1334, [35])
(1335, [1333, 1940])
(1336, [1337])
(1337, [1579, 763])
(1338, [1336])
(1339, [723])
(1340, [1341])
(1341, [1339])
(1342, [1344])
(1343, [1342])
(1344, [1041])
(1345, [1805, 777])
(1346, [1345])
(1347, [1346])
(1348, [1350])
(1349, [1348])
(1350, [2539, 786])
(1351, [349])
(1352, [1353])
(1353, [1351])
(1354, [739])
(1355, [1356])
(1356, [1354])
(1357, [1359])
(1358, [1682, 308])
(1359, [1358])
(1360, [125])
(1361, [1360])
(1362, [1361])
(1363, [1364])
(1364, [1365])
(1365, [782])
(1366, [1865, 965])
(1367, [1368])
(1368, [1366])
(1369, [1371])
(1370, [1369])
(1371, [664])
(1372, [1373])
(1373, [153, 2711])
(1374, [1372, 1634])
(1375, [804])
(1376, [1375])
(1377, [1376, 2887])
(1378, [342])
(1379, [1378])
(1380, [1379])
(1381, [1383])
(1382, [920])
(1383, [1382])
(1384, [1385])
(1385, [1386])
(1386, [2688, 830])
(1387, [1226])
(1388, [1387])
(1389, [1388, 1729, 2847])
(1390, [403])
(1391, [1390, 2522])
(1392, [1391])
(1393, [1395])
(1394, [1393])
(1395, [2535, 43])
(1396, [963])
(1397, [1398])
(1398, [1396])
(1399, [1401])
(1400, [476])
(1401, [1400])
(1402, [284])
(1403, [1402, 1924, 2318])
(1404, [1403])
(1405, [1406])
(1406, [1407])
(1407, [842])
(1408, [1410])
(1409, [1063])
(1410, [1409])
(1411, [1413])
(1412, [1411])
(1413, [162, 2784])
(1414, [1415, 1987, 2704])
(1415, [1416, 2495])
(1416, [2412, 954])
(1417, [870])
(1418, [1419])
(1419, [1417])
(1420, [1422])
(1421, [1420])
(1422, [1066])
(1423, [1425])
(1424, [1210])
(1425, [1424])
(1426, [837])
(1427, [1428])
(1428, [1426, 1598])
(1429, [1431])
(1430, [1429])
(1431, [1055])
(1432, [1433])
(1433, [557])
(1434, [1432, 2125])
(1435, [1437])
(1436, [48])
(1437, [1436])
(1438, [182])
(1439, [1440])
(1440, [1438])
(1441, [956])
(1442, [1441, 2176])
(1443, [1442])
(1444, [2858, 467])
(1445, [1446])
(1446, [1444])
(1447, [1449])
(1448, [37])
(1449, [1448])
(1450, [1452, 2158, 2849])
(1451, [807])
(1452, [1451])
(1453, [1454])
(1454, [1455, 1484, 2293])
(1455, [1185, 1695])
(1456, [1247])
(1457, [1456])
(1458, [1457])
(1459, [369])
(1460, [1461])
(1461, [1459])
(1462, [1464])
(1463, [1118])
(1464, [1463])
(1465, [615])
(1466, [1465])
(1467, [1466])
(1468, [1470])
(1469, [742])
(1470, [1469, 1980])
(1471, [848])
(1472, [1473])
(1473, [1471])
(1474, [1475, 2346])
(1475, [776])
(1476, [1474, 2140])
(1477, [1479])
(1478, [1688, 2459, 700])
(1479, [1478, 1585, 2761])
(1480, [1482])
(1481, [340])
(1482, [1481, 2014])
(1483, [1454])
(1484, [1485])
(1485, [1483])
(1486, [1487, 2279])
(1487, [2985, 858])
(1488, [1486])
(1489, [1490])
(1490, [591])
(1491, [1489])
(1492, [1493])
(1493, [1494])
(1494, [534])
(1495, [1497])
(1496, [1495])
(1497, [330])
(1498, [1500])
(1499, [1498])
(1500, [1036])
(1501, [1502])
(1502, [103, 1644])
(1503, [1501])
(1504, [1506, 2819])
(1505, [966])
(1506, [1505])
(1507, [1508])
(1508, [1509])
(1509, [206])
(1510, [1512])
(1511, [1510])
(1512, [875])
(1513, [1515, 2861])
(1514, [1513, 2781])
(1515, [290])
(1516, [246])
(1517, [1518])
(1518, [1516])
(1519, [1521, 2843])
(1520, [38])
(1521, [1520])
(1522, [1523, 2228])
(1523, [1524])
(1524, [1227, 1863])
(1525, [558])
(1526, [1525])
(1527, [1526, 1646])
(1528, [166])
(1529, [1530])
(1530, [1528])
(1531, [730])
(1532, [1533, 2488])
(1533, [1531])
(1534, [889])
(1535, [1536])
(1536, [1534])
(1537, [467])
(1538, [1537])
(1539, [1538])
(1540, [1541])
(1541, [1542])
(1542, [1048])
(1543, [1545])
(1544, [1543])
(1545, [578])
(1546, [1547, 1631])
(1547, [1260])
(1548, [1546])
(1549, [1551])
(1550, [1549])
(1551, [508])
(1552, [1554])
(1553, [1552])
(1554, [845])
(1555, [2788, 357])
(1556, [1555])
(1557, [1556])
(1558, [1560])
(1559, [1558])
(1560, [1180, 2144, 2562])
(1561, [629])
(1562, [1563, 2077])
(1563, [1561])
(1564, [1213])
(1565, [1564])
(1566, [1565])
(1567, [1568])
(1568, [1569])
(1569, [193])
(1570, [1571])
(1571, [1572])
(1572, [465])
(1573, [1574])
(1574, [1575])
(1575, [438])
(1576, [1578])
(1577, [1576])
(1578, [1858, 2559, 285])
(1579, [1581, 2087])
(1580, [1337])
(1581, [1580])
(1582, [1584])
(1583, [1582])
(1584, [1293])
(1585, [1587])
(1586, [1479, 1656])
(1587, [1586])
(1588, [1589])
(1589, [711])
(1590, [1588, 2833])
(1591, [1593])
(1592, [1591])
(1593, [1079])
(1594, [1720, 735])
(1595, [1594])
(1596, [1595])
(1597, [1428])
(1598, [1599, 2256])
(1599, [1597])
(1600, [1602, 2910])
(1601, [848])
(1602, [1601])
(1603, [1604])
(1604, [272])
(1605, [1603])
(1606, [971])
(1607, [1608])
(1608, [1606])
(1609, [1611])
(1610, [1609, 2919])
(1611, [1799, 728])
(1612, [1231])
(1613, [1614])
(1614, [1612])
(1615, [1616])
(1616, [78])
(1617, [1615])
(1618, [138])
(1619, [1620])
(1620, [1618])
(1621, [1622])
(1622, [742])
(1623, [1621, 2960])
(1624, [427])
(1625, [1626])
(1626, [1624])
(1627, [1628])
(1628, [647])
(1629, [1627])
(1630, [1546, 1884])
(1631, [1632])
(1632, [1630])
(1633, [1374])
(1634, [1635])
(1635, [1633])
(1636, [1638, 2394])
(1637, [575])
(1638, [1637])
(1639, [1641])
(1640, [1639])
(1641, [160])
(1642, [1502])
(1643, [1642, 2973])
(1644, [1643])
(1645, [1527])
(1646, [1647, 1824])
(1647, [1645, 2775])
(1648, [1650])
(1649, [1648])
(1650, [181])
(1651, [803])
(1652, [1653])
(1653, [1651])
(1654, [1586])
(1655, [1654])
(1656, [1655])
(1657, [317])
(1658, [1657])
(1659, [1658])
(1660, [668])
(1661, [1660])
(1662, [1661])
(1663, [560])
(1664, [1665])
(1665, [1663])
(1666, [1668])
(1667, [2738, 544])
(1668, [1667])
(1669, [1670])
(1670, [1671])
(1671, [1332])
(1672, [567])
(1673, [1672])
(1674, [1673, 2303])
(1675, [1126])
(1676, [1677])
(1677, [1675])
(1678, [1679])
(1679, [1680])
(1680, [2112, 37])
(1681, [1683])
(1682, [1681, 2200])
(1683, [1358])
(1684, [1685])
(1685, [564])
(1686, [1684])
(1687, [1689])
(1688, [1687])
(1689, [1478])
(1690, [1691])
(1691, [359])
(1692, [1690])
(1693, [1455])
(1694, [1693])
(1695, [1694])
(1696, [1697])
(1697, [1698, 2430, 2667])
(1698, [471])
(1699, [1701, 2123])
(1700, [227])
(1701, [1700])
(1702, [1704])
(1703, [1123])
(1704, [1703])
(1705, [408])
(1706, [1707])
(1707, [1705])
(1708, [1710])
(1709, [156, 1713])
(1710, [1709])
(1711, [1709])
(1712, [1711])
(1713, [1712])
(1714, [99])
(1715, [1716])
(1716, [1714])
(1717, [1719, 1908])
(1718, [1283, 1845])
(1719, [1718])
(1720, [1721, 2132, 2420])
(1721, [1722, 1830, 2284])
(1722, [1594])
(1723, [1048, 2055])
(1724, [1725])
(1725, [1723])
(1726, [1002])
(1727, [1728, 1919])
(1728, [1726])
(1729, [1731])
(1730, [1389])
(1731, [1730])
(1732, [1734])
(1733, [1011])
(1734, [1733, 1856])
(1735, [1737])
(1736, [1735])
(1737, [1062])
(1738, [1739])
(1739, [1740, 1916])
(1740, [203])
(1741, [1193, 2409])
(1742, [1741, 2253])
(1743, [1742])
(1744, [21])
(1745, [1746])
(1746, [1744])
(1747, [1749])
(1748, [112, 2691])
(1749, [1748, 2467, 2897])
(1750, [635])
(1751, [1752])
(1752, [1750])
(1753, [1755])
(1754, [491])
(1755, [1754])
(1756, [1758])
(1757, [1756])
(1758, [1211])
(1759, [1083])
(1760, [1761, 1816])
(1761, [1759])
(1762, [1764])
(1763, [1287])
(1764, [1763])
(1765, [1766])
(1766, [663])
(1767, [1765, 2076])
(1768, [1769, 2441])
(1769, [651])
(1770, [1768])
(1771, [1773, 2297])
(1772, [1771])
(1773, [143])
(1774, [1775])
(1775, [87])
(1776, [1774, 2134])
(1777, [27])
(1778, [1777])
(1779, [1778])
(1780, [1781])
(1781, [174])
(1782, [1780])
(1783, [1784, 2183])
(1784, [361])
(1785, [1783])
(1786, [1788])
(1787, [1786])
(1788, [890])
(1789, [1790])
(1790, [1791, 2072])
(1791, [468])
(1792, [658])
(1793, [1792])
(1794, [1793])
(1795, [1796])
(1796, [1797])
(1797, [555])
(1798, [1611])
(1799, [1800])
(1800, [1798])
(1801, [1078])
(1802, [1803])
(1803, [1801])
(1804, [1806])
(1805, [1804])
(1806, [1345])
(1807, [193, 2510])
(1808, [1807])
(1809, [1808, 2204])
(1810, [1812])
(1811, [1281])
(1812, [1811])
(1813, [1814])
(1814, [83])
(1815, [1813])
(1816, [1818])
(1817, [1760])
(1818, [1817])
(1819, [1821])
(1820, [834])
(1821, [1820])
(1822, [1646, 2574])
(1823, [1822])
(1824, [1823])
(1825, [1827])
(1826, [603])
(1827, [1826])
(1828, [1721])
(1829, [1828])
(1830, [1829])
(1831, [1833])
(1832, [1831])
(1833, [1050])
(1834, [1835, 2976])
(1835, [1836])
(1836, [1165])
(1837, [305])
(1838, [1839])
(1839, [1837])
(1840, [1842])
(1841, [1840, 2464])
(1842, [807])
(1843, [1844])
(1844, [1718])
(1845, [1843])
(1846, [95])
(1847, [1848])
(1848, [1846])
(1849, [2026, 424])
(1850, [1851])
(1851, [1849])
(1852, [1853, 2109, 2207])
(1853, [1271])
(1854, [1852])
(1855, [1857])
(1856, [1855])
(1857, [1734])
(1858, [1859])
(1859, [1860, 2926])
(1860, [1578])
(1861, [1524, 1909])
(1862, [1861])
(1863, [1862])
(1864, [1366])
(1865, [1866])
(1866, [1864])
(1867, [1869])
(1868, [402])
(1869, [1868])
(1870, [1871])
(1871, [1183])
(1872, [1870])
(1873, [997])
(1874, [1875])
(1875, [1873])
(1876, [1878])
(1877, [1876])
(1878, [859])
(1879, [349])
(1880, [1881])
(1881, [1879])
(1882, [1630])
(1883, [1882])
(1884, [1883])
(1885, [1886])
(1886, [1887, 2569])
(1887, [718])
(1888, [1889])
(1889, [1890])
(1890, [249, 2547])
(1891, [1892, 2399])
(1892, [1893])
(1893, [1223])
(1894, [1895, 2829])
(1895, [1896])
(1896, [409])
(1897, [1899])
(1898, [1897])
(1899, [794])
(1900, [1901])
(1901, [1902])
(1902, [278, 2992])
(1903, [1905])
(1904, [1903])
(1905, [957])
(1906, [1717])
(1907, [1906])
(1908, [1907, 2514])
(1909, [1910])
(1910, [1911, 2445])
(1911, [1861])
(1912, [1913])
(1913, [1914])
(1914, [1149])
(1915, [1917])
(1916, [1915])
(1917, [1739])
(1918, [1727, 2217])
(1919, [1920])
(1920, [1918])
(1921, [1923, 1990, 2048])
(1922, [1921])
(1923, [784])
(1924, [1926])
(1925, [1403])
(1926, [1925])
(1927, [1929])
(1928, [1927])
(1929, [2259, 324])
(1930, [1931])
(1931, [1932])
(1932, [1974, 915])
(1933, [116])
(1934, [1935])
(1935, [1933])
(1936, [1938])
(1937, [1936])
(1938, [865])
(1939, [1941, 2529])
(1940, [1939, 2965])
(1941, [1335])
(1942, [162])
(1943, [1944])
(1944, [1942])
(1945, [391])
(1946, [1947, 2448])
(1947, [1945])
(1948, [1284])
(1949, [1948])
(1950, [1949])
(1951, [490])
(1952, [1953])
(1953, [1951])
(1954, [1956, 2265])
(1955, [491])
(1956, [1955])
(1957, [1959])
(1958, [1109])
(1959, [1958])
(1960, [782])
(1961, [1960])
(1962, [1961])
(1963, [1964])
(1964, [507])
(1965, [1963])
(1966, [1967])
(1967, [882])
(1968, [1966, 2091])
(1969, [741])
(1970, [1969])
(1971, [1970])
(1972, [1932])
(1973, [1972])
(1974, [1973])
(1975, [1976])
(1976, [2114, 272])
(1977, [1975])
(1978, [1470])
(1979, [1978])
(1980, [1979])
(1981, [509])
(1982, [1981])
(1983, [1982])
(1984, [2579, 292])
(1985, [1986])
(1986, [1984, 2778])
(1987, [1988, 1993])
(1988, [1989])
(1989, [1414, 2868])
(1990, [1992])
(1991, [1921])
(1992, [1991, 2476])
(1993, [1995])
(1994, [1987])
(1995, [1994])
(1996, [1997])
(1997, [201, 2611])
(1998, [1996])
(1999, [2001, 2290])
(2000, [758])
(2001, [2000])
(2002, [338])
(2003, [2002])
(2004, [2003, 2007])
(2005, [2004])
(2006, [2005])
(2007, [2006])
(2008, [2010])
(2009, [193])
(2010, [2009])
(2011, [1165])
(2012, [2013])
(2013, [2011])
(2014, [2015])
(2015, [2016, 2105])
(2016, [1482])
(2017, [214])
(2018, [2019])
(2019, [2017])
(2020, [2022])
(2021, [2020])
(2022, [767])
(2023, [2025])
(2024, [38])
(2025, [2024])
(2026, [2028])
(2027, [1849])
(2028, [2027])
(2029, [2031])
(2030, [121, 2186])
(2031, [2030])
(2032, [493])
(2033, [2032])
(2034, [2033, 2962])
(2035, [691])
(2036, [2037])
(2037, [2035])
(2038, [896])
(2039, [2040])
(2040, [2038])
(2041, [270])
(2042, [2043, 2436])
(2043, [2041])
(2044, [2046, 2192])
(2045, [2044])
(2046, [521])
(2047, [2049])
(2048, [2047])
(2049, [1921])
(2050, [2052])
(2051, [123])
(2052, [2051])
(2053, [2054])
(2054, [1723])
(2055, [2053])
(2056, [2057])
(2057, [2058])
(2058, [557])
(2059, [2060, 2275])
(2060, [2061])
(2061, [110])
(2062, [2063])
(2063, [2064])
(2064, [726])
(2065, [2066])
(2066, [2067])
(2067, [14])
(2068, [519])
(2069, [2070, 2802])
(2070, [2068])
(2071, [1790])
(2072, [2073])
(2073, [2071])
(2074, [2075])
(2075, [1767])
(2076, [2074])
(2077, [2078])
(2078, [2079])
(2079, [1562])
(2080, [520])
(2081, [2082])
(2082, [2080])
(2083, [2085])
(2084, [2083])
(2085, [57])
(2086, [1579])
(2087, [2088])
(2088, [2086])
(2089, [2090, 2238])
(2090, [1968])
(2091, [2089])
(2092, [2093])
(2093, [2094])
(2094, [352])
(2095, [2096])
(2096, [842])
(2097, [2095, 2305])
(2098, [2100])
(2099, [2098])
(2100, [347])
(2101, [2103])
(2102, [2101])
(2103, [673])
(2104, [2106])
(2105, [2104, 2602, 2916])
(2106, [2015])
(2107, [2108])
(2108, [1852])
(2109, [2107])
(2110, [1680])
(2111, [2110])
(2112, [2111])
(2113, [2115])
(2114, [2113])
(2115, [1976, 2989])
(2116, [2118, 2797])
(2117, [2116])
(2118, [1316, 2351])
(2119, [2120])
(2120, [2121])
(2121, [659])
(2122, [1699, 2694])
(2123, [2124])
(2124, [2122, 2508])
(2125, [2127])
(2126, [1434])
(2127, [2126])
(2128, [2129])
(2129, [2130])
(2130, [1295])
(2131, [1720])
(2132, [2133])
(2133, [2131])
(2134, [2136, 2679])
(2135, [1776])
(2136, [2135])
(2137, [2139])
(2138, [2137])
(2139, [680])
(2140, [2141])
(2141, [2142])
(2142, [1476, 2563])
(2143, [2145])
(2144, [2143])
(2145, [1560])
(2146, [115])
(2147, [2148])
(2148, [2146])
(2149, [2151])
(2150, [2149])
(2151, [506])
(2152, [998])
(2153, [2154])
(2154, [2152])
(2155, [2157, 2702])
(2156, [572])
(2157, [2156])
(2158, [2159, 2463])
(2159, [2160])
(2160, [1450])
(2161, [2163])
(2162, [1100])
(2163, [2162])
(2164, [2165])
(2165, [1092])
(2166, [2164])
(2167, [2168])
(2168, [1227, 2455])
(2169, [2167])
(2170, [2172])
(2171, [2170])
(2172, [1141])
(2173, [2174])
(2174, [2175])
(2175, [80])
(2176, [2177])
(2177, [2178])
(2178, [1442])
(2179, [2180])
(2180, [2181])
(2181, [1209])
(2182, [2184])
(2183, [2182])
(2184, [1783, 2371])
(2185, [2187])
(2186, [2185])
(2187, [2030])
(2188, [153])
(2189, [2188])
(2190, [2189, 2339])
(2191, [2044])
(2192, [2193])
(2193, [2191])
(2194, [2196])
(2195, [2194])
(2196, [159])
(2197, [2199])
(2198, [1267])
(2199, [2198])
(2200, [2202])
(2201, [1682])
(2202, [2201])
(2203, [1809, 2946])
(2204, [2205])
(2205, [2203])
(2206, [1852])
(2207, [2208])
(2208, [2206])
(2209, [2210])
(2210, [14])
(2211, [2209])
(2212, [879])
(2213, [2214])
(2214, [2212])
(2215, [1918])
(2216, [2215])
(2217, [2216])
(2218, [172])
(2219, [2220])
(2220, [2218])
(2221, [602])
(2222, [2221])
(2223, [2222, 2661])
(2224, [2225])
(2225, [1129, 2935])
(2226, [2224])
(2227, [1522])
(2228, [2229])
(2229, [2227])
(2230, [2231])
(2231, [348])
(2232, [2230])
(2233, [650])
(2234, [2233])
(2235, [2234])
(2236, [2237])
(2237, [2089])
(2238, [2236])
(2239, [2241])
(2240, [2239])
(2241, [834])
(2242, [2244])
(2243, [413])
(2244, [2243])
(2245, [2247])
(2246, [2245])
(2247, [1241])
(2248, [2250])
(2249, [1287])
(2250, [2249])
(2251, [2252])
(2252, [1742])
(2253, [2251])
(2254, [1598])
(2255, [2254])
(2256, [2255])
(2257, [2258])
(2258, [1929])
(2259, [2257])
(2260, [2262])
(2261, [2260])
(2262, [582])
(2263, [1954, 2644])
(2264, [2263])
(2265, [2264])
(2266, [785])
(2267, [2268])
(2268, [2266])
(2269, [2270])
(2270, [1075])
(2271, [2269])
(2272, [2273])
(2273, [738])
(2274, [2272])
(2275, [2276])
(2276, [2277])
(2277, [2059])
(2278, [1486])
(2279, [2280])
(2280, [2278])
(2281, [2283])
(2282, [2281])
(2283, [276])
(2284, [2285])
(2285, [2286])
(2286, [1721])
(2287, [2288])
(2288, [752])
(2289, [2287, 2598])
(2290, [2291])
(2291, [2292])
(2292, [1999])
(2293, [2294])
(2294, [2295])
(2295, [1454])
(2296, [2298, 2814])
(2297, [2296])
(2298, [1771])
(2299, [2300])
(2300, [966])
(2301, [2299])
(2302, [1674])
(2303, [2304])
(2304, [2302])
(2305, [2306])
(2306, [2307])
(2307, [2097])
(2308, [1009])
(2309, [2308])
(2310, [2309])
(2311, [2313])
(2312, [888])
(2313, [2312])
(2314, [2316])
(2315, [477])
(2316, [2315])
(2317, [2319])
(2318, [2317])
(2319, [1403])
(2320, [1302])
(2321, [2320])
(2322, [2321])
(2323, [5])
(2324, [2323])
(2325, [2324])
(2326, [2328])
(2327, [2326])
(2328, [416])
(2329, [2330])
(2330, [2331])
(2331, [443])
(2332, [448])
(2333, [2334])
(2334, [2332])
(2335, [2337])
(2336, [447])
(2337, [2336])
(2338, [2340])
(2339, [2338])
(2340, [2190])
(2341, [2342])
(2342, [541])
(2343, [2341])
(2344, [2345])
(2345, [1474, 2353])
(2346, [2344])
(2347, [2349])
(2348, [2542, 577])
(2349, [2348])
(2350, [2352])
(2351, [2350])
(2352, [2118])
(2353, [2355])
(2354, [2345])
(2355, [2354])
(2356, [2357])
(2357, [2358])
(2358, [1072])
(2359, [2361])
(2360, [2359])
(2361, [502])
(2362, [2364])
(2363, [602])
(2364, [2363])
(2365, [2366])
(2366, [946])
(2367, [2365])
(2368, [2369])
(2369, [1112])
(2370, [2368])
(2371, [2373])
(2372, [2184])
(2373, [2372])
(2374, [2376])
(2375, [2374])
(2376, [372])
(2377, [1293])
(2378, [2377])
(2379, [2378])
(2380, [2382])
(2381, [2380])
(2382, [443])
(2383, [2385])
(2384, [1001])
(2385, [2384])
(2386, [2387])
(2387, [1173])
(2388, [2386, 2749])
(2389, [2390, 2531])
(2390, [2391])
(2391, [942])
(2392, [1636])
(2393, [2392])
(2394, [2393])
(2395, [2396])
(2396, [271])
(2397, [2395, 2792])
(2398, [2400])
(2399, [2398])
(2400, [1891])
(2401, [2402])
(2402, [2403])
(2403, [1171])
(2404, [2406])
(2405, [1062])
(2406, [2405, 2589])
(2407, [2408])
(2408, [1741])
(2409, [2407])
(2410, [2411])
(2411, [1416])
(2412, [2410])
(2413, [2415])
(2414, [2413])
(2415, [159])
(2416, [621])
(2417, [2418])
(2418, [2416])
(2419, [2421])
(2420, [2419])
(2421, [1720])
(2422, [2424])
(2423, [2422])
(2424, [1086])
(2425, [1298])
(2426, [2425])
(2427, [2426])
(2428, [2429])
(2429, [1697])
(2430, [2428])
(2431, [1324])
(2432, [2431])
(2433, [2432])
(2434, [2435])
(2435, [2042])
(2436, [2434])
(2437, [2438])
(2438, [2439])
(2439, [455])
(2440, [1768])
(2441, [2442])
(2442, [2440])
(2443, [2444])
(2444, [1910])
(2445, [2443])
(2446, [2447])
(2447, [1946])
(2448, [2446])
(2449, [556])
(2450, [2451])
(2451, [2449])
(2452, [1243])
(2453, [2452])
(2454, [2453])
(2455, [2457])
(2456, [2168])
(2457, [2456, 2921])
(2458, [1478])
(2459, [2460])
(2460, [2458])
(2461, [2462])
(2462, [2158])
(2463, [2461, 2683])
(2464, [2466])
(2465, [1841])
(2466, [2465])
(2467, [2469])
(2468, [1749])
(2469, [2468])
(2470, [2472])
(2471, [2470, 2600])
(2472, [962])
(2473, [2474])
(2474, [1193])
(2475, [2473])
(2476, [2478])
(2477, [1992])
(2478, [2477])
(2479, [2481])
(2480, [2479])
(2481, [680])
(2482, [2483])
(2483, [2484])
(2484, [39])
(2485, [2486])
(2486, [2487])
(2487, [651])
(2488, [2489])
(2489, [2490])
(2490, [1532])
(2491, [2492])
(2492, [916])
(2493, [2491])
(2494, [2496])
(2495, [2494])
(2496, [1415])
(2497, [2499])
(2498, [551])
(2499, [2498])
(2500, [2501])
(2501, [1090])
(2502, [2500])
(2503, [211])
(2504, [2505])
(2505, [2503])
(2506, [2124])
(2507, [2506])
(2508, [2507])
(2509, [2511])
(2510, [2509])
(2511, [1807])
(2512, [2513])
(2513, [1908])
(2514, [2512])
(2515, [481])
(2516, [2517])
(2517, [2515])
(2518, [2519])
(2519, [2520])
(2520, [424])
(2521, [1391])
(2522, [2523])
(2523, [2521])
(2524, [2526])
(2525, [174])
(2526, [2525])
(2527, [1939])
(2528, [2527])
(2529, [2528])
(2530, [2389])
(2531, [2532])
(2532, [2530])
(2533, [2534])
(2534, [1395])
(2535, [2533])
(2536, [2537])
(2537, [2538])
(2538, [742])
(2539, [2540])
(2540, [2541])
(2541, [1350])
(2542, [2544])
(2543, [2348])
(2544, [2543])
(2545, [1890])
(2546, [2545])
(2547, [2546, 2977])
(2548, [2549])
(2549, [2550])
(2550, [906])
(2551, [2553])
(2552, [146])
(2553, [2552])
(2554, [2556])
(2555, [1181])
(2556, [2555])
(2557, [2558])
(2558, [1578])
(2559, [2557])
(2560, [1560, 2745])
(2561, [2560, 2723])
(2562, [2561])
(2563, [2564])
(2564, [2565])
(2565, [2142])
(2566, [2567])
(2567, [2568])
(2568, [1197])
(2569, [2570])
(2570, [2571])
(2571, [1886, 2605])
(2572, [2573])
(2573, [1822])
(2574, [2572])
(2575, [126, 2954])
(2576, [2575])
(2577, [2576])
(2578, [1984])
(2579, [2580])
(2580, [2578])
(2581, [2583])
(2582, [80])
(2583, [2582])
(2584, [285])
(2585, [2584])
(2586, [2585])
(2587, [2588])
(2588, [2406])
(2589, [2587])
(2590, [2591])
(2591, [418])
(2592, [2590])
(2593, [2594])
(2594, [307])
(2595, [2593])
(2596, [2597])
(2597, [2289])
(2598, [2596])
(2599, [2471])
(2600, [2601])
(2601, [2599])
(2602, [2603])
(2603, [2604])
(2604, [2105])
(2605, [2606])
(2606, [2607])
(2607, [2571])
(2608, [2609])
(2609, [249])
(2610, [2608])
(2611, [2612])
(2612, [2613])
(2613, [1997])
(2614, [2616])
(2615, [2614])
(2616, [44])
(2617, [2619])
(2618, [2617])
(2619, [515])
(2620, [2622])
(2621, [2620])
(2622, [582])
(2623, [125])
(2624, [2623])
(2625, [2624])
(2626, [353])
(2627, [2626])
(2628, [2627])
(2629, [506])
(2630, [2629])
(2631, [2630])
(2632, [694])
(2633, [2632])
(2634, [2633])
(2635, [2636])
(2636, [2637])
(2637, [485])
(2638, [2639])
(2639, [113])
(2640, [2638])
(2641, [2642])
(2642, [2643])
(2643, [1015])
(2644, [2645])
(2645, [2646])
(2646, [2263])
(2647, [448])
(2648, [2649])
(2649, [2647])
(2650, [2651])
(2651, [2652, 2731])
(2652, [703])
(2653, [378])
(2654, [2653])
(2655, [2654])
(2656, [358])
(2657, [2658])
(2658, [2656])
(2659, [2223])
(2660, [2659, 2746])
(2661, [2660])
(2662, [2664])
(2663, [2662])
(2664, [1155])
(2665, [2666, 2807])
(2666, [1697])
(2667, [2665])
(2668, [2669])
(2669, [604])
(2670, [2668])
(2671, [2673, 2772])
(2672, [982])
(2673, [2672])
(2674, [2676])
(2675, [2674])
(2676, [322])
(2677, [2678])
(2678, [2134])
(2679, [2677])
(2680, [2682])
(2681, [2680])
(2682, [1195])
(2683, [2685])
(2684, [2463])
(2685, [2684])
(2686, [2687])
(2687, [1386])
(2688, [2686])
(2689, [1748])
(2690, [2689])
(2691, [2690])
(2692, [2693])
(2693, [2122])
(2694, [2692])
(2695, [391])
(2696, [2697])
(2697, [2695])
(2698, [2699])
(2699, [2700])
(2700, [576])
(2701, [2703])
(2702, [2701])
(2703, [2155])
(2704, [2705])
(2705, [2706])
(2706, [1414])
(2707, [1020])
(2708, [2707])
(2709, [2708])
(2710, [1373])
(2711, [2712])
(2712, [2710])
(2713, [1])
(2714, [2713])
(2715, [2714])
(2716, [2717])
(2717, [1277])
(2718, [2716, 2893])
(2719, [2721])
(2720, [2719])
(2721, [46])
(2722, [2561])
(2723, [2724])
(2724, [2722])
(2725, [2727])
(2726, [2725])
(2727, [373])
(2728, [1293])
(2729, [2730])
(2730, [2728])
(2731, [2732])
(2732, [2733])
(2733, [2651])
(2734, [727])
(2735, [2736])
(2736, [2734])
(2737, [2739])
(2738, [2737])
(2739, [1667])
(2740, [2742])
(2741, [2740])
(2742, [118])
(2743, [2744])
(2744, [2560])
(2745, [2743])
(2746, [2748])
(2747, [2660])
(2748, [2747])
(2749, [2751])
(2750, [2388])
(2751, [2750])
(2752, [2754])
(2753, [2752])
(2754, [432])
(2755, [2757])
(2756, [232])
(2757, [2756])
(2758, [578])
(2759, [2760])
(2760, [2758])
(2761, [2762])
(2762, [2763])
(2763, [1479])
(2764, [2765])
(2765, [2766])
(2766, [1169])
(2767, [2769])
(2768, [1142])
(2769, [2768])
(2770, [2671])
(2771, [2770])
(2772, [2771])
(2773, [2774])
(2774, [1647])
(2775, [2773])
(2776, [1986])
(2777, [2776])
(2778, [2777])
(2779, [2780])
(2780, [1514])
(2781, [2779])
(2782, [2783])
(2783, [1413])
(2784, [2782])
(2785, [2786])
(2786, [204])
(2787, [2785])
(2788, [2790])
(2789, [1555])
(2790, [2789])
(2791, [2793])
(2792, [2791])
(2793, [2397])
(2794, [2795])
(2795, [2796])
(2796, [840])
(2797, [2799])
(2798, [2116])
(2799, [2798])
(2800, [2069])
(2801, [2800])
(2802, [2801])
(2803, [2804])
(2804, [10])
(2805, [2803])
(2806, [2665])
(2807, [2808])
(2808, [2806])
(2809, [341])
(2810, [2809])
(2811, [2810])
(2812, [2296])
(2813, [2812])
(2814, [2813])
(2815, [2816])
(2816, [934])
(2817, [2815])
(2818, [2820])
(2819, [2818])
(2820, [1504, 2952])
(2821, [1265])
(2822, [2821])
(2823, [2822])
(2824, [2825])
(2825, [1067])
(2826, [2824])
(2827, [1894])
(2828, [2827])
(2829, [2828])
(2830, [2831])
(2831, [518])
(2832, [2830])
(2833, [2834])
(2834, [2835])
(2835, [1590])
(2836, [889])
(2837, [2838])
(2838, [2836])
(2839, [380])
(2840, [2841])
(2841, [2839])
(2842, [1519])
(2843, [2844])
(2844, [2842])
(2845, [1389])
(2846, [2845])
(2847, [2846])
(2848, [1450])
(2849, [2850])
(2850, [2848])
(2851, [634])
(2852, [2851])
(2853, [2852])
(2854, [2855])
(2855, [1258])
(2856, [2854])
(2857, [1444])
(2858, [2859])
(2859, [2857])
(2860, [1513])
(2861, [2862])
(2862, [2860])
(2863, [1235])
(2864, [2865])
(2865, [2863])
(2866, [1989])
(2867, [2866])
(2868, [2867])
(2869, [821])
(2870, [2869])
(2871, [2870])
(2872, [811])
(2873, [2874])
(2874, [2872])
(2875, [2877])
(2876, [904])
(2877, [2876])
(2878, [2879])
(2879, [2880])
(2880, [637])
(2881, [2883])
(2882, [2881])
(2883, [397])
(2884, [117])
(2885, [2884])
(2886, [2885])
(2887, [2888])
(2888, [2889])
(2889, [1377])
(2890, [2892])
(2891, [858])
(2892, [2891])
(2893, [2895])
(2894, [2718])
(2895, [2894])
(2896, [1749])
(2897, [2898])
(2898, [2896])
(2899, [1218])
(2900, [2899])
(2901, [2900])
(2902, [2904])
(2903, [2902])
(2904, [402])
(2905, [2907])
(2906, [642])
(2907, [2906])
(2908, [1600])
(2909, [2908])
(2910, [2909])
(2911, [2912])
(2912, [1038])
(2913, [2911])
(2914, [2105])
(2915, [2914])
(2916, [2915])
(2917, [1610])
(2918, [2917])
(2919, [2918])
(2920, [2457])
(2921, [2922])
(2922, [2920])
(2923, [2924])
(2924, [178])
(2925, [2923])
(2926, [2928])
(2927, [1859])
(2928, [2927])
(2929, [1263])
(2930, [2929])
(2931, [2930])
(2932, [2934])
(2933, [572])
(2934, [2933])
(2935, [2936])
(2936, [2937])
(2937, [2225])
(2938, [2940])
(2939, [2938])
(2940, [755])
(2941, [2943])
(2942, [2941])
(2943, [734])
(2944, [2203])
(2945, [2944])
(2946, [2945])
(2947, [2949])
(2948, [2947])
(2949, [258])
(2950, [2820])
(2951, [2950])
(2952, [2951])
(2953, [2575])
(2954, [2955])
(2955, [2953])
(2956, [2957])
(2957, [2958])
(2958, [1111])
(2959, [1623])
(2960, [2961])
(2961, [2959])
(2962, [2964])
(2963, [2034])
(2964, [2963])
(2965, [2967])
(2966, [1940])
(2967, [2966])
(2968, [1023])
(2969, [2970])
(2970, [2968])
(2971, [1643])
(2972, [2971])
(2973, [2972])
(2974, [1834])
(2975, [2974])
(2976, [2975])
(2977, [2979])
(2978, [2547])
(2979, [2978])
(2980, [2981])
(2981, [827])
(2982, [2980])
(2983, [2984])
(2984, [1487])
(2985, [2983])
(2986, [2988])
(2987, [2986])
(2988, [743])
(2989, [2991])
(2990, [2115])
(2991, [2990])
(2992, [2994])
(2993, [1902])
(2994, [2993])
(2995, [2997])
(2996, [1273])
(2997, [2996])
(2998, [3000])
(2999, [2998])
(3000, [226])
